ZMon>3view
Index Name              Current Default Minimum Maximum Type defUserMin defUserMax userDef userMin userMax
   1  Volume                100     100       0     100 User          0        100     100       0     100
   2  Mute                    0       0       0       1 User          0          1       0       0       1
   3  AudioMode               0       0       0       2 User          0          2       0       0       2
   4  Bass                   31      31       0      63 User          0         63      31       0      63
   5  Treble                 45      45       0      63 User          0         63      45       0      63
   6  Balance                31      31       0      63 User          0         63      31       0      63
   7  AudioLanguage           0       0       0       4 User          0          4       0       0       4
   8  Language                0       0       0       2 User          0          2       0       0       2
   9  EIA608_CC               0       0       0       4 User          0          4       0       0       4
  10  EIA708_CC               0       0       0       3 User          0          3       0       0       3
  11  TimeMode                1       1       0       1 User          0          1       1       0       1
  12  TimeZone                0       3       0       5 User          0          5       3       0       5
  13  GammeTable              0       0       0       2 User          0          2       0       0       2
  14  SPDIFOut                2       0       0       2 User          0          2       0       0       2
  15  SPDIFmuteAudio          1       0       0       1 User          0          1       0       0       1
  16  AspectRatio             0       0       0       2 User          0          2       0       0       2
  17  tvAspectRatio           2       0       0       2 User          0          2       0       0       2
  18  tvAutoPowerDn           0       4       0       4 User          0          4       4       0       4
  19  SourceOnPower           0       0       0       7 User          0          7       0       0       7
  20  MuteHW                  0       0       0       1 User          0          1       0       0       1
  21  Backlight               0       0       0       1 User          0          1       0       0       1
  22  BrtnessLCD             50      50       0     100 User          0        100      50       0     100
  23  PowerLCD                0       0       0       1 User          0          1       0       0       1
  24  ChMinor                 3       1       0   65536 User          0      65536       1       0   65536
  25  ChMain                  3       2       0    4096 User          0       4096       2       0    4096
  26  SourceNum               0       0       0       7 User          0          7       0       0       7
  27  pcCtrl1                 0       0       0     255 User          0        255       0       0     255
  28  pcCtrl2                 0       0       0     255 User          0        255       0       0     255
  29  pcCtrl3                 0       0       0     255 User          0        255       0       0     255
  30  pcCtrl4                 0       0       0     255 User          0        255       0       0     255
  31  password1               0       0       0     255 User          0        255       0       0     255
  32  password2               0       0       0     255 User          0        255       0       0     255
  33  password3               0       0       0     255 User          0        255       0       0     255
  34  password4               0       0       0     255 User          0        255       0       0     255
  35  TuningBand              0       0       0       4 User          0          4       0       0       4
  36  EIA708_CS               0       0       0      63 User          0         63       0       0      63
  37  EIA708_EXT_F            0       0       0       1 User          0          1       0       0       1
  38  mpaa_ustv               0       0       0       1 User          0          1       0       0       1
  39  pc_cur_row              0       0       0       6 User          0          6       0       0       6
  40  pc_cur_col              0       0       0       5 User          0          5       0       0       5
  41  Contrast_ATSC          72      72       0     100 User          0        100      72       0     100
  42  Brightness_ATSC        41      41       0     100 User          0        100      41       0     100
  43  Color_ATSC             57      57       0     100 User          0        100      57       0     100
  44  Tint_ATSC              50      50       0     100 User          0        100      50       0     100
  45  Sharpness_ATSC         50      50       0     100 User          0        100      50       0     100
  46  ColorTemp_ATSC          1       1       0       2 User          0          2       1       0       2
  47  Spatial_ATSC            1       1       0       1 User          0          1       1       0       1
  48  Speckle_ATSC            1       1       0       1 User          0          1       1       0       1
  49  Temporal_ATSC           1       1       0       1 User          0          1       1       0       1
  50  Sharp_ATSC_1           50      50       0   65535 User          0      65535      50       0   65535
  51  Sharp_ATSC_2           50      50       0   65535 User          0      65535      50       0   65535
  52  Sharp_ATSC_3           50      50       0   65535 User          0      65535      50       0   65535
  53  Sharp_ATSC_4           50      50       0   65535 User          0      65535      50       0   65535
  54  EEParam_ATSC_1    1212153856 1212153856       0 2147483647 User          0 2147483647 1212153856       0 2147483647
  55  EEParam_ATSC_2    1212153856 1212153856       0 2147483647 User          0 2147483647 1212153856       0 2147483647
  56  EEParam_ATSC_3    1212153856 1212153856       0 2147483647 User          0 2147483647 1212153856       0 2147483647
  57  EEParam_ATSC_4    1212153856 1212153856       0 2147483647 User          0 2147483647 1212153856       0 2147483647
  58  Coeff1_ATSC_1         107     107       0 2147483647 User          0 2147483647     107       0 2147483647
  59  Coeff1_ATSC_2         107     107       0 2147483647 User          0 2147483647     107       0 2147483647
  60  Coeff1_ATSC_3         107     107       0 2147483647 User          0 2147483647     107       0 2147483647
  61  Coeff1_ATSC_4         107     107       0 2147483647 User          0 2147483647     107       0 2147483647
  62  Coeff2_ATSC_1         107     107       0 2147483647 User          0 2147483647     107       0 2147483647
  63  Coeff2_ATSC_2         107     107       0 2147483647 User          0 2147483647     107       0 2147483647
  64  Coeff2_ATSC_3         107     107       0 2147483647 User          0 2147483647     107       0 2147483647
  65  Coeff2_ATSC_4         107     107       0 2147483647 User          0 2147483647     107       0 2147483647
  66  NR_ATSC            607300  607300       0 2147483647 User          0 2147483647  607300       0 2147483647
  67  RO_URANGE_ATSC      10000   10000       0 2147483647 User          0 2147483647   10000       0 2147483647
  68  RO_FRANGE_ATSC      10000   10000       0 2147483647 User          0 2147483647   10000       0 2147483647
  69  RO_DEFCUR_ATSC    327685000 327685000       0 2147483647 User          0 2147483647 327685000       0 2147483647
  70  GO_URANGE_ATSC      10000   10000       0 2147483647 User          0 2147483647   10000       0 2147483647
  71  GO_FRANGE_ATSC      10000   10000       0 2147483647 User          0 2147483647   10000       0 2147483647
  72  GO_DEFCUR_ATSC    327685000 327685000       0 2147483647 User          0 2147483647 327685000       0 2147483647
  73  BO_URANGE_ATSC      10000   10000       0 2147483647 User          0 2147483647   10000       0 2147483647
  74  BO_FRANGE_ATSC      10000   10000       0 2147483647 User          0 2147483647   10000       0 2147483647
  75  BO_DEFCUR_ATSC    327685000 327685000       0 2147483647 User          0 2147483647 327685000       0 2147483647
  76  RG_URANGE_ATSC      10000   10000       0 2147483647 User          0 2147483647   10000       0 2147483647
  77  RG_FRANGE_ATSC      10000   10000       0 2147483647 User          0 2147483647   10000       0 2147483647
  78  RG_DEFCUR_ATSC    327685000 327685000       0 2147483647 User          0 2147483647 327685000       0 2147483647
  79  GG_URANGE_ATSC      10000   10000       0 2147483647 User          0 2147483647   10000       0 2147483647
  80  GG_FRANGE_ATSC      10000   10000       0 2147483647 User          0 2147483647   10000       0 2147483647
  81  GG_DEFCUR_ATSC    327685000 327685000       0 2147483647 User          0 2147483647 327685000       0 2147483647
  82  BG_URANGE_ATSC      10000   10000       0 2147483647 User          0 2147483647   10000       0 2147483647
  83  BG_FRANGE_ATSC      10000   10000       0 2147483647 User          0 2147483647   10000       0 2147483647
  84  BG_DEFCUR_ATSC    327685000 327685000       0 2147483647 User          0 2147483647 327685000       0 2147483647
  85  TEMP_COOL_ATSC       4945    4945       0   10000 User          0      10000    4945       0   10000
  86  TEMP_WARM_ATSC       4500    4500       0   10000 User          0      10000    4500       0   10000
  87  TEMP_NORM_ATSC       4785    4785       0   10000 User          0      10000    4785       0   10000
  88  Contrast_NTSC          56      56       0     100 User          0        100      56       0     100
  89  Brightness_NTSC        40      40       0     100 User          0        100      40       0     100
  90  Color_NTSC             67      67       0     100 User          0        100      67       0     100
  91  Tint_NTSC              50      50       0     100 User          0        100      50       0     100
  92  Sharpness_NTSC         62      62       0     100 User          0        100      62       0     100
  93  ColorTemp_NTSC          1       1       0       2 User          0          2       1       0       2
  94  Spatial_NTSC            1       1       0       1 User          0          1       1       0       1
  95  Speckle_NTSC            1       1       0       1 User          0          1       1       0       1
  96  Temporal_NTSC           1       1       0       1 User          0          1       1       0       1
  97  Sharp_NTSC_1           50      50       0   65535 User          0      65535      50       0   65535
  98  Sharp_NTSC_2           50      50       0   65535 User          0      65535      50       0   65535
  99  Sharp_NTSC_3           50      50       0   65535 User          0      65535      50       0   65535
 100  Sharp_NTSC_4           50      50       0   65535 User          0      65535      50       0   65535
 101  EEParam_NTSC_1    1212153856 1212153856       0 2147483647 User          0 2147483647 1212153856       0 2147483647
 102  EEParam_NTSC_2    1212153856 1212153856       0 2147483647 User          0 2147483647 1212153856       0 2147483647
 103  EEParam_NTSC_3    1212153856 1212153856       0 2147483647 User          0 2147483647 1212153856       0 2147483647
 104  EEParam_NTSC_4    1212153856 1212153856       0 2147483647 User          0 2147483647 1212153856       0 2147483647
 105  Coeff1_NTSC_1         107     107       0 2147483647 User          0 2147483647     107       0 2147483647
 106  Coeff1_NTSC_2         107     107       0 2147483647 User          0 2147483647     107       0 2147483647
 107  Coeff1_NTSC_3         107     107       0 2147483647 User          0 2147483647     107       0 2147483647
 108  Coeff1_NTSC_4         107     107       0 2147483647 User          0 2147483647     107       0 2147483647
 109  Coeff2_NTSC_1         107     107       0 2147483647 User          0 2147483647     107       0 2147483647
 110  Coeff2_NTSC_2         107     107       0 2147483647 User          0 2147483647     107       0 2147483647
 111  Coeff2_NTSC_3         107     107       0 2147483647 User          0 2147483647     107       0 2147483647
 112  Coeff2_NTSC_4         107     107       0 2147483647 User          0 2147483647     107       0 2147483647
 113  NR_NTSC            607300  607300       0 2147483647 User          0 2147483647  607300       0 2147483647
 114  CVD2_NTSC         13407002 13407002 -2147483648 2147483647 User -2147483648 2147483647 13407002 -2147483648 2147483647
 115  CVD21_NTSC        83894912 83894912 -2147483648 2147483647 User -2147483648 2147483647 83894912 -2147483648 2147483647
 116  RO_URANGE_NTSC      10000   10000       0 2147483647 User          0 2147483647   10000       0 2147483647
 117  RO_FRANGE_NTSC      10000   10000       0 2147483647 User          0 2147483647   10000       0 2147483647
 118  RO_DEFCUR_NTSC    327685000 327685000       0 2147483647 User          0 2147483647 327685000       0 2147483647
 119  GO_URANGE_NTSC      10000   10000       0 2147483647 User          0 2147483647   10000       0 2147483647
 120  GO_FRANGE_NTSC      10000   10000       0 2147483647 User          0 2147483647   10000       0 2147483647
 121  GO_DEFCUR_NTSC    327685000 327685000       0 2147483647 User          0 2147483647 327685000       0 2147483647
 122  BO_URANGE_NTSC      10000   10000       0 2147483647 User          0 2147483647   10000       0 2147483647
 123  BO_FRANGE_NTSC      10000   10000       0 2147483647 User          0 2147483647   10000       0 2147483647
 124  BO_DEFCUR_NTSC    327685000 327685000       0 2147483647 User          0 2147483647 327685000       0 2147483647
 125  RG_URANGE_NTSC      10000   10000       0 2147483647 User          0 2147483647   10000       0 2147483647
 126  RG_FRANGE_NTSC      10000   10000       0 2147483647 User          0 2147483647   10000       0 2147483647
 127  RG_DEFCUR_NTSC    327685000 327685000       0 2147483647 User          0 2147483647 327685000       0 2147483647
 128  GG_URANGE_NTSC      10000   10000       0 2147483647 User          0 2147483647   10000       0 2147483647
 129  GG_FRANGE_NTSC      10000   10000       0 2147483647 User          0 2147483647   10000       0 2147483647
 130  GG_DEFCUR_NTSC    327685000 327685000       0 2147483647 User          0 2147483647 327685000       0 2147483647
 131  BG_URANGE_NTSC      10000   10000       0 2147483647 User          0 2147483647   10000       0 2147483647
 132  BG_FRANGE_NTSC      10000   10000       0 2147483647 User          0 2147483647   10000       0 2147483647
 133  BG_DEFCUR_NTSC    327685000 327685000       0 2147483647 User          0 2147483647 327685000       0 2147483647
 134  TEMP_COOL_NTSC       4950    4950       0   10000 User          0      10000    4950       0   10000
 135  TEMP_WARM_NTSC       4483    4483       0   10000 User          0      10000    4483       0   10000
 136  TEMP_NORM_NTSC       4779    4779       0   10000 User          0      10000    4779       0   10000
 137  Contrast_CVBS          67      67       0     100 User          0        100      67       0     100
 138  Brightness_CVBS        43      43       0     100 User          0        100      43       0     100
 139  Color_CVBS             56      56       0     100 User          0        100      56       0     100
 140  Tint_CVBS              50      50       0     100 User          0        100      50       0     100
 141  Sharpness_CVBS         60      60       0     100 User          0        100      60       0     100
 142  ColorTemp_CVBS          1       1       0       2 User          0          2       1       0       2
 143  Spatial_CVBS            1       1       0       1 User          0          1       1       0       1
 144  Speckle_CVBS            1       1       0       1 User          0          1       1       0       1
 145  Temporal_CVBS           1       1       0       1 User          0          1       1       0       1
 146  Sharp_CVBS_1           50      50       0   65535 User          0      65535      50       0   65535
 147  Sharp_CVBS_2           50      50       0   65535 User          0      65535      50       0   65535
 148  Sharp_CVBS_3           50      50       0   65535 User          0      65535      50       0   65535
 149  Sharp_CVBS_4           50      50       0   65535 User          0      65535      50       0   65535
 150  EEParam_CVBS_1    1212153856 1212153856       0 2147483647 User          0 2147483647 1212153856       0 2147483647
 151  EEParam_CVBS_2    1212153856 1212153856       0 2147483647 User          0 2147483647 1212153856       0 2147483647
 152  EEParam_CVBS_3    1212153856 1212153856       0 2147483647 User          0 2147483647 1212153856       0 2147483647
 153  EEParam_CVBS_4    1212153856 1212153856       0 2147483647 User          0 2147483647 1212153856       0 2147483647
 154  Coeff1_CVBS_1         107     107       0 2147483647 User          0 2147483647     107       0 2147483647
 155  Coeff1_CVBS_2         107     107       0 2147483647 User          0 2147483647     107       0 2147483647
 156  Coeff1_CVBS_3         107     107       0 2147483647 User          0 2147483647     107       0 2147483647
 157  Coeff1_CVBS_4         107     107       0 2147483647 User          0 2147483647     107       0 2147483647
 158  Coeff2_CVBS_1         107     107       0 2147483647 User          0 2147483647     107       0 2147483647
 159  Coeff2_CVBS_2         107     107       0 2147483647 User          0 2147483647     107       0 2147483647
 160  Coeff2_CVBS_3         107     107       0 2147483647 User          0 2147483647     107       0 2147483647
 161  Coeff2_CVBS_4         107     107       0 2147483647 User          0 2147483647     107       0 2147483647
 162  NR_CVBS            607300  607300       0 2147483647 User          0 2147483647  607300       0 2147483647
 163  CVD2_CVBS         13407002 13407002 -2147483648 2147483647 User -2147483648 2147483647 13407002 -2147483648 2147483647
 164  CVD21_CVBS        83894912 83894912 -2147483648 2147483647 User -2147483648 2147483647 83894912 -2147483648 2147483647
 165  RO_URANGE_CVBS      10000   10000       0 2147483647 User          0 2147483647   10000       0 2147483647
 166  RO_FRANGE_CVBS      10000   10000       0 2147483647 User          0 2147483647   10000       0 2147483647
 167  RO_DEFCUR_CVBS    327685000 327685000       0 2147483647 User          0 2147483647 327685000       0 2147483647
 168  GO_URANGE_CVBS      10000   10000       0 2147483647 User          0 2147483647   10000       0 2147483647
 169  GO_FRANGE_CVBS      10000   10000       0 2147483647 User          0 2147483647   10000       0 2147483647
 170  GO_DEFCUR_CVBS    327685000 327685000       0 2147483647 User          0 2147483647 327685000       0 2147483647
 171  BO_URANGE_CVBS      10000   10000       0 2147483647 User          0 2147483647   10000       0 2147483647
 172  BO_FRANGE_CVBS      10000   10000       0 2147483647 User          0 2147483647   10000       0 2147483647
 173  BO_DEFCUR_CVBS    327685000 327685000       0 2147483647 User          0 2147483647 327685000       0 2147483647
 174  RG_URANGE_CVBS      10000   10000       0 2147483647 User          0 2147483647   10000       0 2147483647
 175  RG_FRANGE_CVBS      10000   10000       0 2147483647 User          0 2147483647   10000       0 2147483647
 176  RG_DEFCUR_CVBS    327685000 327685000       0 2147483647 User          0 2147483647 327685000       0 2147483647
 177  GG_URANGE_CVBS      10000   10000       0 2147483647 User          0 2147483647   10000       0 2147483647
 178  GG_FRANGE_CVBS      10000   10000       0 2147483647 User          0 2147483647   10000       0 2147483647
 179  GG_DEFCUR_CVBS    327685000 327685000       0 2147483647 User          0 2147483647 327685000       0 2147483647
 180  BG_URANGE_CVBS      10000   10000       0 2147483647 User          0 2147483647   10000       0 2147483647
 181  BG_FRANGE_CVBS      10000   10000       0 2147483647 User          0 2147483647   10000       0 2147483647
 182  BG_DEFCUR_CVBS    327685000 327685000       0 2147483647 User          0 2147483647 327685000       0 2147483647
 183  TEMP_COOL_CVBS       4960    4960       0   10000 User          0      10000    4960       0   10000
 184  TEMP_WARM_CVBS       4460    4460       0   10000 User          0      10000    4460       0   10000
 185  TEMP_NORM_CVBS       4770    4770       0   10000 User          0      10000    4770       0   10000
 186  Contrast_YC            68      68       0     100 User          0        100      68       0     100
 187  Brightness_YC          41      41       0     100 User          0        100      41       0     100
 188  Color_YC               58      58       0     100 User          0        100      58       0     100
 189  Tint_YC                50      50       0     100 User          0        100      50       0     100
 190  Sharpness_YC           63      63       0     100 User          0        100      63       0     100
 191  ColorTemp_YC            1       1       0       2 User          0          2       1       0       2
 192  Spatial_YC              1       1       0       1 User          0          1       1       0       1
 193  Speckle_YC              1       1       0       1 User          0          1       1       0       1
 194  Temporal_YC             1       1       0       1 User          0          1       1       0       1
 195  Sharp_SVID_1           50      50       0   65535 User          0      65535      50       0   65535
 196  Sharp_SVID_2           50      50       0   65535 User          0      65535      50       0   65535
 197  Sharp_SVID_3           50      50       0   65535 User          0      65535      50       0   65535
 198  Sharp_SVID_4           50      50       0   65535 User          0      65535      50       0   65535
 199  EEParam_SVID_1    1212153856 1212153856       0 2147483647 User          0 2147483647 1212153856       0 2147483647
 200  EEParam_SVID_2    1212153856 1212153856       0 2147483647 User          0 2147483647 1212153856       0 2147483647
 201  EEParam_SVID_3    1212153856 1212153856       0 2147483647 User          0 2147483647 1212153856       0 2147483647
 202  EEParam_SVID_4    1212153856 1212153856       0 2147483647 User          0 2147483647 1212153856       0 2147483647
 203  Coeff1_SVID_1         107     107       0 2147483647 User          0 2147483647     107       0 2147483647
 204  Coeff1_SVID_2         107     107       0 2147483647 User          0 2147483647     107       0 2147483647
 205  Coeff1_SVID_3         107     107       0 2147483647 User          0 2147483647     107       0 2147483647
 206  Coeff1_SVID_4         107     107       0 2147483647 User          0 2147483647     107       0 2147483647
 207  Coeff2_SVID_1         107     107       0 2147483647 User          0 2147483647     107       0 2147483647
 208  Coeff2_SVID_2         107     107       0 2147483647 User          0 2147483647     107       0 2147483647
 209  Coeff2_SVID_3         107     107       0 2147483647 User          0 2147483647     107       0 2147483647
 210  Coeff2_SVID_4         107     107       0 2147483647 User          0 2147483647     107       0 2147483647
 211  NR_SVIDEO          607300  607300       0 2147483647 User          0 2147483647  607300       0 2147483647
 212  CVD2_SVideo       13407002 13407002 -2147483648 2147483647 User -2147483648 2147483647 13407002 -2147483648 2147483647
 213  CVD21_SVideo      83894912 83894912 -2147483648 2147483647 User -2147483648 2147483647 83894912 -2147483648 2147483647
 214  RO_URANGE_SVID      10000   10000       0 2147483647 User          0 2147483647   10000       0 2147483647
 215  RO_FRANGE_SVID      10000   10000       0 2147483647 User          0 2147483647   10000       0 2147483647
 216  RO_DEFCUR_SVID    327685000 327685000       0 2147483647 User          0 2147483647 327685000       0 2147483647
 217  GO_URANGE_SVID      10000   10000       0 2147483647 User          0 2147483647   10000       0 2147483647
 218  GO_FRANGE_SVID      10000   10000       0 2147483647 User          0 2147483647   10000       0 2147483647
 219  GO_DEFCUR_SVID    327685000 327685000       0 2147483647 User          0 2147483647 327685000       0 2147483647
 220  BO_URANGE_SVID      10000   10000       0 2147483647 User          0 2147483647   10000       0 2147483647
 221  BO_FRANGE_SVID      10000   10000       0 2147483647 User          0 2147483647   10000       0 2147483647
 222  BO_DEFCUR_SVID    327685000 327685000       0 2147483647 User          0 2147483647 327685000       0 2147483647
 223  RG_URANGE_SVID      10000   10000       0 2147483647 User          0 2147483647   10000       0 2147483647
 224  RG_FRANGE_SVID      10000   10000       0 2147483647 User          0 2147483647   10000       0 2147483647
 225  RG_DEFCUR_SVID    327685000 327685000       0 2147483647 User          0 2147483647 327685000       0 2147483647
 226  GG_URANGE_SVID      10000   10000       0 2147483647 User          0 2147483647   10000       0 2147483647
 227  GG_FRANGE_SVID      10000   10000       0 2147483647 User          0 2147483647   10000       0 2147483647
 228  GG_DEFCUR_SVID    327685000 327685000       0 2147483647 User          0 2147483647 327685000       0 2147483647
 229  BG_URANGE_SVID      10000   10000       0 2147483647 User          0 2147483647   10000       0 2147483647
 230  BG_FRANGE_SVID      10000   10000       0 2147483647 User          0 2147483647   10000       0 2147483647
 231  BG_DEFCUR_SVID    327685000 327685000       0 2147483647 User          0 2147483647 327685000       0 2147483647
 232  TEMP_COOL_SVID       4940    4940       0   10000 User          0      10000    4940       0   10000
 233  TEMP_WARM_SVID       4450    4450       0   10000 User          0      10000    4450       0   10000
 234  TEMP_NORM_SVID       4765    4765       0   10000 User          0      10000    4765       0   10000
 235  Contrast_YUV           60      60       0     100 User          0        100      60       0     100
 236  Brightness_YUV         47      47       0     100 User          0        100      47       0     100
 237  Color_YUV              53      53       0     100 User          0        100      53       0     100
 238  Tint_YUV               50      50       0     100 User          0        100      50       0     100
 239  Sharpness_YUV          59      59       0     100 User          0        100      59       0     100
 240  ColorTemp_YUV           1       1       0       2 User          0          2       1       0       2
 241  Spatial_YUV             1       1       0       1 User          0          1       1       0       1
 242  Speckle_YUV             1       1       0       1 User          0          1       1       0       1
 243  Temporal_YUV            1       1       0       1 User          0          1       1       0       1
 244  Sharp_COMP_1           50      50       0   65535 User          0      65535      50       0   65535
 245  Sharp_COMP_2           50      50       0   65535 User          0      65535      50       0   65535
 246  Sharp_COMP_3           50      50       0   65535 User          0      65535      50       0   65535
 247  Sharp_COMP_4           50      50       0   65535 User          0      65535      50       0   65535
 248  EEParam_COMP_1    1212153856 1212153856       0 2147483647 User          0 2147483647 1212153856       0 2147483647
 249  EEParam_COMP_2    1212153856 1212153856       0 2147483647 User          0 2147483647 1212153856       0 2147483647
 250  EEParam_COMP_3    1212153856 1212153856       0 2147483647 User          0 2147483647 1212153856       0 2147483647
 251  EEParam_COMP_4    1212153856 1212153856       0 2147483647 User          0 2147483647 1212153856       0 2147483647
 252  Coeff1_COMP_1         107     107       0 2147483647 User          0 2147483647     107       0 2147483647
 253  Coeff1_COMP_2         107     107       0 2147483647 User          0 2147483647     107       0 2147483647
 254  Coeff1_COMP_3         107     107       0 2147483647 User          0 2147483647     107       0 2147483647
 255  Coeff1_COMP_4         107     107       0 2147483647 User          0 2147483647     107       0 2147483647
 256  Coeff2_COMP_1         107     107       0 2147483647 User          0 2147483647     107       0 2147483647
 257  Coeff2_COMP_2         107     107       0 2147483647 User          0 2147483647     107       0 2147483647
 258  Coeff2_COMP_3         107     107       0 2147483647 User          0 2147483647     107       0 2147483647
 259  Coeff2_COMP_4         107     107       0 2147483647 User          0 2147483647     107       0 2147483647
 260  NR_COMP            607300  607300       0 2147483647 User          0 2147483647  607300       0 2147483647
 261  9938_Comp_Off     11243904 11243904       0 16777215 User          0   16777215 11243904       0 16777215
 262  9938_Comp_Gain    14470880 14470880       0 16777215 User          0   16777215 14470880       0 16777215
 263  RO_URANGE_COMP      10000   10000       0 2147483647 User          0 2147483647   10000       0 2147483647
 264  RO_FRANGE_COMP      10000   10000       0 2147483647 User          0 2147483647   10000       0 2147483647
 265  RO_DEFCUR_COMP    327685000 327685000       0 2147483647 User          0 2147483647 327685000       0 2147483647
 266  GO_URANGE_COMP      10000   10000       0 2147483647 User          0 2147483647   10000       0 2147483647
 267  GO_FRANGE_COMP      10000   10000       0 2147483647 User          0 2147483647   10000       0 2147483647
 268  GO_DEFCUR_COMP    327685000 327685000       0 2147483647 User          0 2147483647 327685000       0 2147483647
 269  BO_URANGE_COMP      10000   10000       0 2147483647 User          0 2147483647   10000       0 2147483647
 270  BO_FRANGE_COMP      10000   10000       0 2147483647 User          0 2147483647   10000       0 2147483647
 271  BO_DEFCUR_COMP    327685000 327685000       0 2147483647 User          0 2147483647 327685000       0 2147483647
 272  RG_URANGE_COMP      10000   10000       0 2147483647 User          0 2147483647   10000       0 2147483647
 273  RG_FRANGE_COMP      10000   10000       0 2147483647 User          0 2147483647   10000       0 2147483647
 274  RG_DEFCUR_COMP    327685000 327685000       0 2147483647 User          0 2147483647 327685000       0 2147483647
 275  GG_URANGE_COMP      10000   10000       0 2147483647 User          0 2147483647   10000       0 2147483647
 276  GG_FRANGE_COMP      10000   10000       0 2147483647 User          0 2147483647   10000       0 2147483647
 277  GG_DEFCUR_COMP    327685000 327685000       0 2147483647 User          0 2147483647 327685000       0 2147483647
 278  BG_URANGE_COMP      10000   10000       0 2147483647 User          0 2147483647   10000       0 2147483647
 279  BG_FRANGE_COMP      10000   10000       0 2147483647 User          0 2147483647   10000       0 2147483647
 280  BG_DEFCUR_COMP    327685000 327685000       0 2147483647 User          0 2147483647 327685000       0 2147483647
 281  TEMP_COOL_COMP       5024    5024       0   10000 User          0      10000    5024       0   10000
 282  TEMP_WARM_COMP       4674    4674       0   10000 User          0      10000    4674       0   10000
 283  TEMP_NORM_COMP       4889    4889       0   10000 User          0      10000    4889       0   10000
 284  Contrast_RGB           56      56       0     100 User          0        100      56       0     100
 285  Brightness_RGB         50      50       0     100 User          0        100      50       0     100
 286  Color_RGB              67      67       0     100 User          0        100      67       0     100
 287  Tint_RGB               50      50       0     100 User          0        100      50       0     100
 288  Sharpness_RGB          50      50       0     100 User          0        100      50       0     100
 289  ColorTemp_RGB           1       1       0       2 User          0          2       1       0       2
 290  Spatial_RGB             1       1       0       1 User          0          1       1       0       1
 291  Speckle_RGB             1       1       0       1 User          0          1       1       0       1
 292  Temporal_RGB            1       1       0       1 User          0          1       1       0       1
 293  Sharp_VGA_1            50      50       0   65535 User          0      65535      50       0   65535
 294  Sharp_VGA_2            50      50       0   65535 User          0      65535      50       0   65535
 295  Sharp_VGA_3            50      50       0   65535 User          0      65535      50       0   65535
 296  Sharp_VGA_4            50      50       0   65535 User          0      65535      50       0   65535
 297  EEParam_VGA_1     1212153856 1212153856       0 2147483647 User          0 2147483647 1212153856       0 2147483647
 298  EEParam_VGA_2     1212153856 1212153856       0 2147483647 User          0 2147483647 1212153856       0 2147483647
 299  EEParam_VGA_3     1212153856 1212153856       0 2147483647 User          0 2147483647 1212153856       0 2147483647
 300  EEParam_VGA_4     1212153856 1212153856       0 2147483647 User          0 2147483647 1212153856       0 2147483647
 301  Coeff1_VGA_1          107     107       0 2147483647 User          0 2147483647     107       0 2147483647
 302  Coeff1_VGA_2          107     107       0 2147483647 User          0 2147483647     107       0 2147483647
 303  Coeff1_VGA_3          107     107       0 2147483647 User          0 2147483647     107       0 2147483647
 304  Coeff1_VGA_4          107     107       0 2147483647 User          0 2147483647     107       0 2147483647
 305  Coeff2_VGA_1          107     107       0 2147483647 User          0 2147483647     107       0 2147483647
 306  Coeff2_VGA_2          107     107       0 2147483647 User          0 2147483647     107       0 2147483647
 307  Coeff2_VGA_3          107     107       0 2147483647 User          0 2147483647     107       0 2147483647
 308  Coeff2_VGA_4          107     107       0 2147483647 User          0 2147483647     107       0 2147483647
 309  NR_VGA             607300  607300       0 2147483647 User          0 2147483647  607300       0 2147483647
 310  9938_VGA_Off      11243904 11243904       0 16777215 User          0   16777215 11243904       0 16777215
 311  9938_VGA_Gain     14470880 14470880       0 16777215 User          0   16777215 14470880       0 16777215
 312  RO_URANGE_VGA       10000   10000       0 2147483647 User          0 2147483647   10000       0 2147483647
 313  RO_FRANGE_VGA       10000   10000       0 2147483647 User          0 2147483647   10000       0 2147483647
 314  RO_DEFCUR_VGA     327685000 327685000       0 2147483647 User          0 2147483647 327685000       0 2147483647
 315  GO_URANGE_VGA       10000   10000       0 2147483647 User          0 2147483647   10000       0 2147483647
 316  GO_FRANGE_VGA       10000   10000       0 2147483647 User          0 2147483647   10000       0 2147483647
 317  GO_DEFCUR_VGA     327685000 327685000       0 2147483647 User          0 2147483647 327685000       0 2147483647
 318  BO_URANGE_VGA       10000   10000       0 2147483647 User          0 2147483647   10000       0 2147483647
 319  BO_FRANGE_VGA       10000   10000       0 2147483647 User          0 2147483647   10000       0 2147483647
 320  BO_DEFCUR_VGA     327685000 327685000       0 2147483647 User          0 2147483647 327685000       0 2147483647
 321  RG_URANGE_VGA       10000   10000       0 2147483647 User          0 2147483647   10000       0 2147483647
 322  RG_FRANGE_VGA       10000   10000       0 2147483647 User          0 2147483647   10000       0 2147483647
 323  RG_DEFCUR_VGA     327685000 327685000       0 2147483647 User          0 2147483647 327685000       0 2147483647
 324  GG_URANGE_VGA       10000   10000       0 2147483647 User          0 2147483647   10000       0 2147483647
 325  GG_FRANGE_VGA       10000   10000       0 2147483647 User          0 2147483647   10000       0 2147483647
 326  GG_DEFCUR_VGA     327685000 327685000       0 2147483647 User          0 2147483647 327685000       0 2147483647
 327  BG_URANGE_VGA       10000   10000       0 2147483647 User          0 2147483647   10000       0 2147483647
 328  BG_FRANGE_VGA       10000   10000       0 2147483647 User          0 2147483647   10000       0 2147483647
 329  BG_DEFCUR_VGA     327685000 327685000       0 2147483647 User          0 2147483647 327685000       0 2147483647
 330  TEMP_COOL_VGA        5200    5200       0   10000 User          0      10000    5200       0   10000
 331  TEMP_WARM_VGA        4500    4500       0   10000 User          0      10000    4500       0   10000
 332  TEMP_NORM_VGA        5000    5000       0   10000 User          0      10000    5000       0   10000
 333  Contrast_HDMI          74      74       0     100 User          0        100      74       0     100
 334  Brightness_HDMI        42      42       0     100 User          0        100      42       0     100
 335  Color_HDMI             55      55       0     100 User          0        100      55       0     100
 336  Tint_HDMI              50      50       0     100 User          0        100      50       0     100
 337  Sharpness_HDMI         62      62       0     100 User          0        100      62       0     100
 338  ColorTemp_HDMI          1       1       0       2 User          0          2       1       0       2
 339  Spatial_HDMI            1       1       0       1 User          0          1       1       0       1
 340  Speckle_HDMI            1       1       0       1 User          0          1       1       0       1
 341  Temporal_HDMI           1       1       0       1 User          0          1       1       0       1
 342  Sharp_HDMI_1           50      50       0   65535 User          0      65535      50       0   65535
 343  Sharp_HDMI_2           50      50       0   65535 User          0      65535      50       0   65535
 344  Sharp_HDMI_3           50      50       0   65535 User          0      65535      50       0   65535
 345  Sharp_HDMI_4           50      50       0   65535 User          0      65535      50       0   65535
 346  EEParam_HDMI_1    1212153856 1212153856       0 2147483647 User          0 2147483647 1212153856       0 2147483647
 347  EEParam_HDMI_2    1212153856 1212153856       0 2147483647 User          0 2147483647 1212153856       0 2147483647
 348  EEParam_HDMI_3    1212153856 1212153856       0 2147483647 User          0 2147483647 1212153856       0 2147483647
 349  EEParam_HDMI_4    1212153856 1212153856       0 2147483647 User          0 2147483647 1212153856       0 2147483647
 350  Coeff1_HDMI_1         107     107       0 2147483647 User          0 2147483647     107       0 2147483647
 351  Coeff1_HDMI_2         107     107       0 2147483647 User          0 2147483647     107       0 2147483647
 352  Coeff1_HDMI_3         107     107       0 2147483647 User          0 2147483647     107       0 2147483647
 353  Coeff1_HDMI_4         107     107       0 2147483647 User          0 2147483647     107       0 2147483647
 354  Coeff2_HDMI_1         107     107       0 2147483647 User          0 2147483647     107       0 2147483647
 355  Coeff2_HDMI_2         107     107       0 2147483647 User          0 2147483647     107       0 2147483647
 356  Coeff2_HDMI_3         107     107       0 2147483647 User          0 2147483647     107       0 2147483647
 357  Coeff2_HDMI_4         107     107       0 2147483647 User          0 2147483647     107       0 2147483647
 358  NR_HDMI            607300  607300       0 2147483647 User          0 2147483647  607300       0 2147483647
 359  RO_URANGE_HDMI      10000   10000       0 2147483647 User          0 2147483647   10000       0 2147483647
 360  RO_FRANGE_HDMI      10000   10000       0 2147483647 User          0 2147483647   10000       0 2147483647
 361  RO_DEFCUR_HDMI    327685000 327685000       0 2147483647 User          0 2147483647 327685000       0 2147483647
 362  GO_URANGE_HDMI      10000   10000       0 2147483647 User          0 2147483647   10000       0 2147483647
 363  GO_FRANGE_HDMI      10000   10000       0 2147483647 User          0 2147483647   10000       0 2147483647
 364  GO_DEFCUR_HDMI    327685000 327685000       0 2147483647 User          0 2147483647 327685000       0 2147483647
 365  BO_URANGE_HDMI      10000   10000       0 2147483647 User          0 2147483647   10000       0 2147483647
 366  BO_FRANGE_HDMI      10000   10000       0 2147483647 User          0 2147483647   10000       0 2147483647
 367  BO_DEFCUR_HDMI    327685000 327685000       0 2147483647 User          0 2147483647 327685000       0 2147483647
 368  RG_URANGE_HDMI      10000   10000       0 2147483647 User          0 2147483647   10000       0 2147483647
 369  RG_FRANGE_HDMI      10000   10000       0 2147483647 User          0 2147483647   10000       0 2147483647
 370  RG_DEFCUR_HDMI    327685000 327685000       0 2147483647 User          0 2147483647 327685000       0 2147483647
 371  GG_URANGE_HDMI      10000   10000       0 2147483647 User          0 2147483647   10000       0 2147483647
 372  GG_FRANGE_HDMI      10000   10000       0 2147483647 User          0 2147483647   10000       0 2147483647
 373  GG_DEFCUR_HDMI    327685000 327685000       0 2147483647 User          0 2147483647 327685000       0 2147483647
 374  BG_URANGE_HDMI      10000   10000       0 2147483647 User          0 2147483647   10000       0 2147483647
 375  BG_FRANGE_HDMI      10000   10000       0 2147483647 User          0 2147483647   10000       0 2147483647
 376  BG_DEFCUR_HDMI    327685000 327685000       0 2147483647 User          0 2147483647 327685000       0 2147483647
 377  TEMP_COOL_HDMI       4910    4910       0   10000 User          0      10000    4910       0   10000
 378  TEMP_WARM_HDMI       4460    4460       0   10000 User          0      10000    4460       0   10000
 379  TEMP_NORM_HDMI       4759    4759       0   10000 User          0      10000    4759       0   10000
 380  WBRO_ATSC              50      50       0     100 User          0        100      50       0     100
 381  WBGO_ATSC              50      50       0     100 User          0        100      50       0     100
 382  WBBO_ATSC              50      50       0     100 User          0        100      50       0     100
 383  WBRG_ATSC              50      50       0     100 User          0        100      50       0     100
 384  WBGG_ATSC              50      50       0     100 User          0        100      50       0     100
 385  WBBG_ATSC              50      50       0     100 User          0        100      50       0     100
 386  WBRO_NTSC              50      50       0     100 User          0        100      50       0     100
 387  WBGO_NTSC              50      50       0     100 User          0        100      50       0     100
 388  WBBO_NTSC              50      50       0     100 User          0        100      50       0     100
 389  WBRG_NTSC              50      50       0     100 User          0        100      50       0     100
 390  WBGG_NTSC              50      50       0     100 User          0        100      50       0     100
 391  WBBG_NTSC              50      50       0     100 User          0        100      50       0     100
 392  WBRO_HDMI              50      50       0     100 User          0        100      50       0     100
 393  WBGO_HDMI              50      50       0     100 User          0        100      50       0     100
 394  WBBO_HDMI              50      50       0     100 User          0        100      50       0     100
 395  WBRG_HDMI              50      50       0     100 User          0        100      50       0     100
 396  WBGG_HDMI              50      50       0     100 User          0        100      50       0     100
 397  WBBG_HDMI              50      50       0     100 User          0        100      50       0     100
 398  ContrastBase           16      16      16      16 System
 399  BTSCAudio               0       0       0       2 User          0          2       0       0       2
 400  TVSpeaker               0       0       0       1 User          0          1       0       0       1
 401  CCDefault               0       0       0       1 User          0          1       0       0       1
 402  CCSize                  3       3       2       4 User          2          4       3       2       4
 403  CCFont                  1       1       1       8 User          1          8       1       1       8
 404  CCTextColor             3       3       2       9 User          2          9       3       2       9
 405  CCTextOpacity           4       4       2       5 User          2          5       4       2       5
 406  CCBgColor               2       2       2       9 User          2          9       2       2       9
 407  CCBgOpacity             4       4       2       5 User          2          5       4       2       5
 408  CCStyle                 2       2       2       7 User          2          7       2       2       7
 409  CCEdgeColor             4       4       2       9 User          2          9       4       2       9
 410  OuputType               1       1       1     100 User          1        100       1       1     100
 411  AutoCE                  0       0       0       1 User          0          1       0       0       1
 412  BlackBarDetect          0       0       0       1 User          0          1       0       0       1
 413  3DY/C                   0       0       0       1 User          0          1       0       0       1
 414  AdaptContrast           0       0       0       1 User          0          1       0       0       1
 415  ADC_YPbPr               0       0       0 16777215 User          0   16777215       0       0 16777215
 416  ADC_RGB                 0       0       0 16777215 User          0   16777215       0       0 16777215
 417  RRT5                    0       0       0     255 User          0        255       0       0     255
 418  StartupScanDone         1       0       0       1 User          0          1       0       0       1
 419  SAPosition              0       0       0      15 User          0         15       0       0      15
